1024 1.97052000000000000000
2048 1.85890000000000000000
3072 1.91124000000000000000
4096 1.89240000000000000000
5120 1.90842000000000000000
6144 1.92648000000000000000
7168 1.98720000000000000000
8192 1.83954000000000000000
9216 1.93544000000000000000
10240 1.93998000000000000000
11264 1.80840000000000000000
12288 1.87492000000000000000
13312 1.76310000000000000000
14336 1.87812000000000000000
15360 1.73428000000000000000
16384 1.69524000000000000000
17408 1.76612000000000000000
18432 1.71040000000000000000
19456 1.85140000000000000000
20480 1.65480000000000000000
21504 1.69830000000000000000
22528 1.65340000000000000000
23552 1.66734000000000000000
24576 1.83246000000000000000
25600 1.64646000000000000000
26624 1.66336000000000000000
27648 1.65418000000000000000
28672 1.67662000000000000000
29696 1.70376000000000000000
30720 1.63230000000000000000
31744 1.67784000000000000000
32768 1.67944000000000000000
33792 1.64430000000000000000
34816 1.59672000000000000000
35840 1.69236000000000000000
36864 1.59118000000000000000
37888 1.63374000000000000000
38912 1.91732000000000000000
39936 1.61938000000000000000
40960 1.59930000000000000000
